174.9
170.7
182.1
168.6
167.5
165.1
154.5
155.2
159.1
184.1
180.0
184.9
157.6
151.1
164.3
172.8
176.0
181.6
173.9
188.6
168.8
161.8
154.0
162.0
173.4
162.0
180.5
185.3
147.1
179.7
148.4
175.1
183.4
171.7
158.1
165.1
168.4
169.2
169.0
169.9
173.2
158.8
168.6
186.3
167.1
166.5
181.9
145.2
182.9
164.6
172.7
172.0
180.5
168.3
164.2
184.1
147.1
171.2
157.4
163.3
191.3
170.6
173.0
153.0
163.6
173.0
174.6
177.2
171.1
176.3
175.6
152.5
171.4
178.7
177.0
167.3
162.9
159.7
169.7
182.4
151.3
164.3
159.5
178.9
165.4
166.3
168.8
175.5
167.0
140.3
176.5
175.4
168.8
160.1
174.5
174.8
166.3
168.8
161.6
169.2
155.4
175.2
161.5
173.4
156.8
165.0
169.9
154.2
172.2
167.2
153.4
157.9
177.1
180.0
169.7
175.1
173.3
174.3
184.0
155.8
177.8
167.1
168.7
168.0
167.2
158.6
172.8
187.9
170.4
171.0
164.1
169.8
175.7
167.3
166.4
175.1
161.7
173.5
179.3
184.7
170.1
184.8
181.4
160.9
158.7
167.9
181.4
170.3
164.9
186.7
173.9
147.6
174.2
176.2
173.3
175.5
170.3
157.7
167.3
161.5
161.6
158.3
175.6
172.0
166.5
164.4
170.8
181.9
150.8
174.8
165.5
152.0
151.4
161.8
173.2
175.0
161.5
181.3
185.4
175.0
165.0
182.3
178.6
179.8
164.4
142.4
192.4
154.7
170.6
195.0
174.3
180.6
155.8
153.1
165.6
182.0
167.5
163.0
173.0
181.9
156.4
158.8
163.0
182.0
173.4
192.5
180.4
170.6
183.8
173.1
163.9
177.9
164.0
168.1
184.4
170.0
162.9
166.3
181.3
165.4
167.1
165.9
172.9
167.1
154.8
162.0
161.6
183.5
179.2
176.9
165.9
162.8
165.9
160.4
196.2
148.3
176.7
158.0
169.9
161.0
159.1
159.5
188.7
169.7
163.3
176.6
171.1
178.3
152.6
174.1
178.8
154.2
175.5
188.1
170.9
179.3
177.8
163.9
171.4
155.2
166.4
173.7
178.3
171.2
178.3
159.9
170.0
171.2
189.7
168.8
166.0
171.2
161.7
172.9
167.3
152.9
170.4
167.8
154.5
170.3
186.0
176.3
177.2
157.5
175.8
172.5
176.3
175.3
157.3
170.6
163.4
170.5
161.9
184.2
162.3
161.9
171.8
160.1
166.7
162.6
185.2
178.9
170.4
167.1
180.5
175.1
176.0
170.7
154.0
169.9
165.6
177.5
181.2
164.4
175.7
188.5
164.3
188.0
162.4
171.2
170.9
171.1
162.5
165.0
164.3
174.3
174.3
193.5
184.8
165.9
174.3
181.1
171.3
170.3
171.5
179.8
162.4
167.7
175.7
174.1
173.4
167.3
180.8
192.5
175.1
169.1
178.6
165.6
163.4
171.3
144.9
159.4
167.5
157.3
160.6
166.6
154.4
166.9
165.6
171.3
182.6
172.7
171.2
172.0
173.3
160.7
169.8
174.1
157.2
179.7
181.9
164.6
168.6
162.1
178.1
160.3
168.8
162.3
171.5
152.9
184.4
161.3
171.6
168.9
163.3
162.0
180.4
165.7
173.7
162.9
164.5
175.8
180.4
169.2
156.7
191.2
162.4
155.4
197.2
166.9
156.3
164.1
174.7
172.9
162.4
189.4
165.7
159.0
180.7
184.4
162.8
156.9
181.4
150.3
158.6
180.8
170.4
168.3
174.6
169.5
157.9
183.9
184.4
173.1
171.5
194.6
168.2
168.4
174.7
185.8
187.1
168.4
174.1
157.1
167.9
162.5
160.8
188.0
163.0
165.6
174.7
184.1
175.9
198.8
170.2
173.6
173.8
185.5
176.1
169.8
161.4
173.5
185.1
166.9
176.3
173.5
179.7
162.9
194.7
158.1
167.3
180.5
174.0
179.4
166.0
170.2
171.1
186.8
178.0
179.0
164.4
180.8
173.3
185.0
191.3
167.9
166.9
162.3
169.6
167.1
174.6
169.5
167.4
181.7
161.5
175.4
166.9
178.3
185.0
167.9
175.5
172.8
162.9
173.4
173.9
175.2
169.0
172.0
159.4
167.4
176.6
180.0
166.7
172.1
173.3
173.0
176.5
152.7
