169.8
154.5
161.0
175.1
170.9
139.1
160.7
148.4
148.9
154.6
151.7
166.3
158.6
151.4
155.0
153.8
166.8
147.8
153.6
140.5
121.5
157.4
159.7
141.7
175.4
133.8
150.6
148.0
167.2
166.5
151.8
154.3
140.1
127.9
146.2
151.8
163.8
163.5
145.7
146.7
138.3
134.2
131.0
171.9
144.3
145.1
136.0
158.8
132.0
147.7
140.0
154.4
144.3
136.8
149.7
154.8
150.8
153.4
143.0
146.0
142.5
146.0
141.0
130.7
152.0
145.6
131.8
155.2
139.9
150.6
158.2
151.5
162.8
136.2
154.6
142.4
140.3
143.6
146.6
150.7
137.0
160.1
155.3
132.9
166.7
171.3
163.2
148.0
138.1
161.8
145.5
163.7
152.4
161.0
154.0
158.0
150.2
170.0
151.5
154.5
171.1
135.0
135.8
160.9
136.9
171.8
145.4
141.7
171.6
166.6
170.9
160.2
140.4
171.4
147.1
159.0
160.6
148.3
156.9
160.4
154.3
137.7
153.4
164.9
142.3
148.4
145.2
170.7
157.6
154.6
141.4
156.1
142.5
150.4
142.9
157.6
156.5
147.7
154.5
137.8
133.4
155.0
151.9
157.2
176.7
160.6
139.8
162.5
135.3
144.9
149.3
169.2
141.7
140.8
148.9
142.6
162.7
138.0
137.2
145.2
144.5
171.6
160.7
151.0
136.3
159.5
138.9
132.8
163.3
153.6
160.4
153.6
159.6
142.8
138.5
157.7
141.1
142.3
145.0
150.2
146.1
134.7
142.8
125.2
157.0
132.1
137.7
150.6
141.8
167.3
135.6
153.0
149.6
137.0
155.9
148.1
158.7
159.3
174.3
165.0
145.9
147.4
162.4
157.4
157.2
132.0
149.8
141.8
153.2
149.0
160.2
153.6
158.8
144.8
139.5
145.5
149.9
154.3
175.3
149.6
139.4
146.2
144.9
155.4
132.8
150.8
151.8
152.6
143.4
147.4
134.1
144.5
144.0
154.7
137.1
158.8
166.8
126.9
154.8
157.6
142.9
145.6
148.6
146.7
146.6
131.3
162.9
162.1
140.9
133.6
155.9
143.6
151.6
146.5
157.8
157.8
141.9
134.6
132.3
156.9
136.7
144.4
143.4
149.5
128.4
152.2
155.9
151.0
146.6
151.1
154.5
119.0
171.9
154.4
142.7
145.7
155.6
148.8
127.3
173.2
148.8
161.5
142.3
167.2
153.3
156.9
138.4
163.6
157.8
164.6
143.0
144.7
175.8
138.2
148.5
162.8
151.1
156.6
145.6
154.2
135.4
168.6
148.7
142.4
157.5
144.9
135.1
135.0
157.8
148.3
148.6
162.1
137.4
141.9
145.7
151.1
149.6
146.8
149.4
148.8
142.0
141.0
153.1
140.1
137.1
146.6
148.3
175.3
142.2
160.6
158.4
136.7
158.7
136.8
120.3
156.8
130.4
155.1
142.4
168.6
162.0
145.0
142.4
136.5
145.1
146.9
146.0
151.8
156.5
154.0
141.5
134.0
165.3
142.3
142.8
144.2
129.4
144.7
144.7
157.0
157.9
150.1
160.5
153.9
149.9
151.9
147.9
145.6
147.1
137.4
153.2
138.9
159.5
147.3
150.6
155.6
157.2
132.5
147.7
159.9
131.0
154.4
124.8
138.6
150.5
131.5
139.0
133.6
168.5
151.9
156.4
147.6
146.1
132.0
146.8
141.5
159.7
162.8
166.5
159.6
143.4
137.6
158.6
154.0
130.3
154.0
159.2
150.7
148.0
141.0
133.9
159.0
146.6
147.4
169.4
157.7
154.2
151.6
167.1
169.3
160.5
156.6
126.6
151.4
148.6
151.1
160.6
119.4
143.7
153.1
144.8
134.2
159.8
153.1
139.2
153.6
159.2
150.1
159.0
150.9
145.6
137.1
149.1
152.2
159.9
148.8
155.2
139.3
141.3
148.8
138.2
159.2
155.2
153.2
153.8
172.7
144.8
125.4
152.3
149.5
144.3
139.1
145.1
152.1
144.4
177.0
139.3
141.2
124.4
152.9
127.5
144.0
147.0
142.1
169.5
161.2
164.8
140.2
162.7
155.6
158.7
161.6
139.9
145.3
159.7
120.3
167.0
156.2
149.5
152.5
138.5
146.1
162.4
164.6
180.2
149.2
142.7
144.3
138.7
149.2
